730
570
578080
252490
1172470
431960
1085660
271590
359550
440
236390
4000
438100
252950
238960
210970
413150
1062090
1377580
1245620
1145360
1817070
1551360
1966720
1887970
1466860
1307940
2050650
1250410
1174180
1180600
108600
457140
646570
292030
105600
1238810
1908280
128210
397970
16600
550
1057090
1489970
1108000
230410
1091500
1850570
1366540
1905490
1293830
1551360
1426210
1087560
1172620
388080
1476970
1107420
1029410
1144200
1225410
1326470
1129200
1089350
1342340
1268350
1013260
1259420
1047210
1061090
1303730
1914590
1151340
1340430
1096000
1623730
1082430
1136450
1278030
1161710
1061600
1112000
1275320
1934480
1181720
1262450
1046030
1357090
1919590
1182900
1088870
1316470
1172380
107410
221100
1108200
1078200
1407200
1005900
1120340
1042660
1230270
1097150
1226550
1055530
1313140
413150
1102110
1282100